<?xml version="1.0"?>
<opencv_storage>
<Center>
  1534. 921. 115.</Center>
<Point1>
  1.0125000610351562e+003 768. 6.0457626342773437e+001</Point1>
<Point2>
  1.4068258056640625e+003 3.9431222534179687e+002
  6.0792800903320313e+001</Point2>
<Point3>
  1.9261174316406250e+003 5.4883221435546875e+002
  6.0602684020996094e+001</Point3>
<Point4>
  2.0535000000000000e+003 1074. 5.9750000000000000e+001</Point4>
<Point5>
  1.6622502441406250e+003 1.4482501220703125e+003
  5.9927295684814453e+001</Point5>
<Point6>
  1.1415000000000000e+003 1.2965000000000000e+003
  6.0500000000000000e+001</Point6>
<Point21>
  1.1867073974609375e+003 8.1910974121093750e+002
  6.0457626342773437e+001</Point21>
<Point22>
  1.7944361572265625e+003 6.7381396484375000e+002
  6.0602684020996094e+001</Point22>
<Point23>
  1.6193405761718750e+003 1.2718439941406250e+003
  5.9927295684814453e+001</Point23>
<Single_Flag>1</Single_Flag>
</opencv_storage>
